151 101 876 101 876 479 151 479 
299.805 101 752.361 101 850.806 447 201.359 447 
299.805 101 752.361 101 850.806 447 201.359 447 
299.805 101 752.361 101 850.806 447 201.359 447 
332.867 84 728.308 83.9999 987.742 503 107.869 503 
332.867 84 728.308 83.9999 987.742 503 107.869 503 
568.87 97.6475 906.892 139.504 653.549 454.334 144.257 342.798 
572.373 99.0889 906.154 140.42 653.549 454.334 148.607 343.75 
335.963 47 681.033 47 791.698 487 210.772 487 
335.963 47 681.033 47 791.698 487 210.772 487 
